0.984348 0.888323 0.910044 0.984375 0.984375 0.984375 
0.984375 0.960761 0.960761 0.984375 0.984375 0.984375 
0.984375 0.980648 0.960761 0.984375 0.984375 0.984375 
0.984375 0.980648 0.980749 0.984375 0.984375 0.984375 
0.984375 0.980749 0.968647 0.984375 0.984375 0.984375 
0.984375 0.981756 0.968647 0.984375 0.984375 0.984375 
0.984375 0.981756 0.981762 0.984375 0.984375 0.984375 
0.984375 0.981762 0.981762 0.984375 0.984375 0.984375 
0.984375 0.981762 0.981762 0.984375 0.984375 0.984375 
0.984375 0.981762 0.981762 0.984375 0.984375 0.984375 
