2.6169 7.81346 7.78785 0.244106 0.213079 2.69598 
9.42428 11.8218 11.7732 0.244011 0.207884 3.5022 
20.6344 16.3311 16.3231 0.235806 0.213576 3.91998 
35.8658 26.1238 26.1021 0.232671 0.217927 4.04861 
55.3847 31.2712 31.4755 0.235053 0.20807 4.48342 
78.4465 40.3508 40.8087 0.234089 0.207409 4.77916 
105.768 52.6728 53.1936 0.238576 0.207926 4.85727 
137.074 67.8431 67.714 0.238112 0.20774 4.98171 
172.363 84.3832 84.2068 0.232131 0.218555 5.00164 
211.52 103.907 103.667 0.234369 0.208009 5.00594 
