0.984375 0.94679 0.94679 0.984375 0.984375 0.984375 
0.984375 0.980002 0.975031 0.984375 0.984375 0.984375 
0.984375 0.965478 0.962059 0.984375 0.984375 0.984375 
0.984375 0.97397 0.965478 0.984375 0.984375 0.984375 
0.984375 0.983078 0.984361 0.984375 0.984375 0.984375 
0.984375 0.983223 0.984361 0.984375 0.984375 0.984375 
0.984375 0.976828 0.984361 0.984375 0.984375 0.984375 
0.984375 0.983246 0.984361 0.984375 0.984375 0.984375 
0.984375 0.983246 0.984361 0.984375 0.984375 0.984375 
0.984375 0.984309 0.983246 0.984375 0.984375 0.984375 
0 0 0 0 0 0 
0 0 0 0 0 0 
0 0.951172 0.951172 0.984375 0.984375 0.984375 
0 0.965227 0.972944 0.984375 0.984375 0.984375 
0 0.965001 0.961779 0.984375 0.984375 0.984375 
0 0.971506 0.965083 0.984375 0.984375 0.984375 
0 0.974722 0.969523 0.984375 0.984375 0.984375 
0 0.974629 0.969705 0.984375 0.984375 0.984375 
0 0.972417 0.972493 0.984375 0.984375 0.984375 
0 0.974538 0.971509 0.984375 0.984375 0.984375 
