1.53809 6.25806 6.28191 0.13507 0.130759 1.48967 
5.75929 9.7616 9.68522 0.135478 0.129923 1.86022 
12.525 13.391 13.5995 0.135473 0.130029 2.07877 
22.3699 21.6537 21.7529 0.137418 0.130623 2.20578 
34.9405 25.7205 25.9042 0.137595 0.130807 2.36054 
49.978 32.9657 33.4754 0.137117 0.130147 2.51598 
67.7741 42.8411 43.4972 0.134899 0.129513 2.5875 
88.0943 55.3731 55.5551 0.137954 0.133731 2.62105 
111.274 68.6971 68.6877 0.141718 0.135064 2.74154 
136.547 84.6408 84.5417 0.134898 0.13144 2.70463 
10 0 0 0 1 0 1.60526 6.26705 6.55138 0.139147 0.138956 1.4888 
6.11063 9.85954 10.1024 0.135159 0.138875 1.94489 
1.48175 6.46659 6.35799 0.141306 0.133813 1.49323 
5.43552 9.85126 9.80217 0.141639 0.132975 1.88711 
11.7944 13.8338 13.5124 0.141176 0.137011 2.12468 
21.0034 22.0094 21.8258 0.142477 0.132442 2.21882 
32.6537 26.0835 26.0095 0.143849 0.135674 2.40984 
46.6618 33.5172 33.3395 0.142163 0.132201 2.52821 
63.1779 43.7963 43.2445 0.142694 0.135108 2.62108 
82.3762 56.056 55.7772 0.141689 0.132149 2.6139 
