0.425086 1.95529 1.59356 0.0336191 0.032428 0.377262 
1.53501 2.39341 2.47782 0.0361535 0.0333128 0.503927 
3.36386 3.43552 3.45811 0.0364853 0.0339889 0.571804 
5.99179 5.52233 5.52556 0.0370585 0.0344978 0.611608 
9.30739 6.66078 6.71067 0.0361179 0.0338156 0.664452 
13.3314 8.60418 8.69596 0.0364694 0.0330634 0.688364 
18.3708 11.2383 11.3375 0.0353191 0.0329122 0.720208 
23.337 14.4192 14.4203 0.0367398 0.0337968 0.71848 
29.3367 17.9023 17.8827 0.03649 0.0342567 0.757824 
36.0696 22.0216 21.9843 0.0353471 0.0344851 0.769939 
