0.984261 0.902065 0.902065 0.984375 0.984375 0.984375 
0.984375 0.935558 0.905992 0.984375 0.984375 0.984375 
0.984375 0.934785 0.944424 0.984375 0.984375 0.984375 
0.984375 0.955763 0.943483 0.984375 0.984375 0.984375 
0.984375 0.961807 0.95305 0.984375 0.984375 0.984375 
0.984375 0.960913 0.968017 0.984375 0.984375 0.984375 
0.984375 0.969389 0.964789 0.984375 0.984375 0.984375 
0.984375 0.976691 0.964793 0.984375 0.984375 0.984375 
0.984375 0.974813 0.964793 0.984375 0.984375 0.984375 
0.984375 0.974813 0.961443 0.984375 0.984375 0.984375 
