1.55695 6.58083 6.27798 0.130127 0.124227 1.39074 
5.78807 9.59553 9.61313 0.131967 0.125293 1.74579 
12.5461 13.2726 13.5877 0.13388 0.125777 1.93856 
22.3795 21.7963 21.7119 0.133134 0.125288 2.05253 
34.911 25.8092 25.9139 0.12982 0.125928 2.22197 
50.0968 33.0334 33.5059 0.130508 0.123563 2.32765 
67.8621 42.9365 43.4892 0.130902 0.123706 2.43297 
91.2758 55.1531 55.0534 0.12999 0.124957 2.40344 
111.264 68.7278 68.3521 0.13324 0.125237 2.53414 
140.057 84.6225 85.2924 0.130707 0.128391 2.56354 
